{
 "cells": [
  {
   "cell_type": "code",
   "execution_count": 1,
   "id": "fca4c861",
   "metadata": {},
   "outputs": [],
   "source": [
    "import pandas\n",
    "import os\n",
    "import numpy\n",
    "from IPython.core.display import display, HTML"
   ]
  },
  {
   "cell_type": "code",
   "execution_count": 2,
   "id": "0030bb59",
   "metadata": {},
   "outputs": [],
   "source": [
    "def read_and_compare(dataset, channel=\"full\"):\n",
    "    result_dict = {}\n",
    "    path = f\"../data/trees/{channel}/{dataset}\"\n",
    "    control_df = pandas.read_csv(f\"{path}/Control with Clustal Omega.csv\", index_col=0)\n",
    "    for file in os.listdir(path):\n",
    "        if file.endswith(\".csv\"):\n",
    "            basename = \".\".join(file.split(\".\")[0:-1])\n",
    "            df = pandas.read_csv(f\"{path}/{file}\", index_col=0)\n",
    "            result_dict[basename] = round(numpy.sqrt(numpy.sum((control_df.values - df.values)**2)), 4)\n",
    "    result_df = pandas.DataFrame(result_dict, index=[dataset])\n",
    "    result_df.rename(columns={\"MultiScale Structural Similarity Index Measure\": channel}, inplace=True)\n",
    "    result_df.index.name = \"dataset\"\n",
    "    return result_df"
   ]
  },
  {
   "cell_type": "code",
   "execution_count": 13,
   "id": "178a4d54",
   "metadata": {},
   "outputs": [],
   "source": [
    "channels = (\"full\", \"red\", \"green\", \"blue\", \"red_green\", \"red_blue\", \"green_blue\")\n",
    "datasets = [\"orthologs_hemoglobin_beta\", \"orthologs_myoglobin\", \"orthologs_neuroglobin\", \"orthologs_cytoglobin\", \"orthologs_androglobin\"]"
   ]
  },
  {
   "cell_type": "code",
   "execution_count": 14,
   "id": "af3b6aec",
   "metadata": {},
   "outputs": [
    {
     "data": {
      "text/html": [
       "<div>\n",
       "<style scoped>\n",
       "    .dataframe tbody tr th:only-of-type {\n",
       "        vertical-align: middle;\n",
       "    }\n",
       "\n",
       "    .dataframe tbody tr th {\n",
       "        vertical-align: top;\n",
       "    }\n",
       "\n",
       "    .dataframe thead th {\n",
       "        text-align: right;\n",
       "    }\n",
       "</style>\n",
       "<table border=\"1\" class=\"dataframe\">\n",
       "  <thead>\n",
       "    <tr style=\"text-align: right;\">\n",
       "      <th></th>\n",
       "      <th>Control with Clustal Omega</th>\n",
       "      <th>Global with Needleman-Wunsch</th>\n",
       "      <th>Local with Smith–Waterman</th>\n",
       "      <th>full</th>\n",
       "      <th>red</th>\n",
       "      <th>green</th>\n",
       "      <th>blue</th>\n",
       "      <th>red_green</th>\n",
       "      <th>red_blue</th>\n",
       "      <th>green_blue</th>\n",
       "    </tr>\n",
       "    <tr>\n",
       "      <th>dataset</th>\n",
       "      <th></th>\n",
       "      <th></th>\n",
       "      <th></th>\n",
       "      <th></th>\n",
       "      <th></th>\n",
       "      <th></th>\n",
       "      <th></th>\n",
       "      <th></th>\n",
       "      <th></th>\n",
       "      <th></th>\n",
       "    </tr>\n",
       "  </thead>\n",
       "  <tbody>\n",
       "    <tr>\n",
       "      <th>orthologs_hemoglobin_beta</th>\n",
       "      <td>0.0</td>\n",
       "      <td>0.9085</td>\n",
       "      <td>0.8937</td>\n",
       "      <td>0.1542</td>\n",
       "      <td>0.8342</td>\n",
       "      <td>0.7896</td>\n",
       "      <td>0.8000</td>\n",
       "      <td>0.4849</td>\n",
       "      <td>0.4957</td>\n",
       "      <td>0.4511</td>\n",
       "    </tr>\n",
       "    <tr>\n",
       "      <th>orthologs_myoglobin</th>\n",
       "      <td>0.0</td>\n",
       "      <td>0.9196</td>\n",
       "      <td>0.9044</td>\n",
       "      <td>0.0954</td>\n",
       "      <td>0.8046</td>\n",
       "      <td>0.7975</td>\n",
       "      <td>0.7811</td>\n",
       "      <td>0.4510</td>\n",
       "      <td>0.4347</td>\n",
       "      <td>0.4279</td>\n",
       "    </tr>\n",
       "    <tr>\n",
       "      <th>orthologs_neuroglobin</th>\n",
       "      <td>0.0</td>\n",
       "      <td>1.8043</td>\n",
       "      <td>1.1514</td>\n",
       "      <td>1.2176</td>\n",
       "      <td>0.9789</td>\n",
       "      <td>0.9323</td>\n",
       "      <td>0.9554</td>\n",
       "      <td>0.6618</td>\n",
       "      <td>0.6385</td>\n",
       "      <td>0.6520</td>\n",
       "    </tr>\n",
       "    <tr>\n",
       "      <th>orthologs_cytoglobin</th>\n",
       "      <td>0.0</td>\n",
       "      <td>6.3417</td>\n",
       "      <td>3.1095</td>\n",
       "      <td>2.7743</td>\n",
       "      <td>1.8149</td>\n",
       "      <td>1.7804</td>\n",
       "      <td>1.7816</td>\n",
       "      <td>1.5191</td>\n",
       "      <td>1.5174</td>\n",
       "      <td>1.5304</td>\n",
       "    </tr>\n",
       "    <tr>\n",
       "      <th>orthologs_androglobin</th>\n",
       "      <td>0.0</td>\n",
       "      <td>8.2855</td>\n",
       "      <td>2.9601</td>\n",
       "      <td>4.0221</td>\n",
       "      <td>1.0736</td>\n",
       "      <td>1.0347</td>\n",
       "      <td>1.0623</td>\n",
       "      <td>2.4228</td>\n",
       "      <td>2.4578</td>\n",
       "      <td>2.4023</td>\n",
       "    </tr>\n",
       "  </tbody>\n",
       "</table>\n",
       "</div>"
      ],
      "text/plain": [
       "                           Control with Clustal Omega  \\\n",
       "dataset                                                 \n",
       "orthologs_hemoglobin_beta                         0.0   \n",
       "orthologs_myoglobin                               0.0   \n",
       "orthologs_neuroglobin                             0.0   \n",
       "orthologs_cytoglobin                              0.0   \n",
       "orthologs_androglobin                             0.0   \n",
       "\n",
       "                           Global with Needleman-Wunsch  \\\n",
       "dataset                                                   \n",
       "orthologs_hemoglobin_beta                        0.9085   \n",
       "orthologs_myoglobin                              0.9196   \n",
       "orthologs_neuroglobin                            1.8043   \n",
       "orthologs_cytoglobin                             6.3417   \n",
       "orthologs_androglobin                            8.2855   \n",
       "\n",
       "                           Local with Smith–Waterman    full     red   green  \\\n",
       "dataset                                                                        \n",
       "orthologs_hemoglobin_beta                     0.8937  0.1542  0.8342  0.7896   \n",
       "orthologs_myoglobin                           0.9044  0.0954  0.8046  0.7975   \n",
       "orthologs_neuroglobin                         1.1514  1.2176  0.9789  0.9323   \n",
       "orthologs_cytoglobin                          3.1095  2.7743  1.8149  1.7804   \n",
       "orthologs_androglobin                         2.9601  4.0221  1.0736  1.0347   \n",
       "\n",
       "                             blue  red_green  red_blue  green_blue  \n",
       "dataset                                                             \n",
       "orthologs_hemoglobin_beta  0.8000     0.4849    0.4957      0.4511  \n",
       "orthologs_myoglobin        0.7811     0.4510    0.4347      0.4279  \n",
       "orthologs_neuroglobin      0.9554     0.6618    0.6385      0.6520  \n",
       "orthologs_cytoglobin       1.7816     1.5191    1.5174      1.5304  \n",
       "orthologs_androglobin      1.0623     2.4228    2.4578      2.4023  "
      ]
     },
     "execution_count": 14,
     "metadata": {},
     "output_type": "execute_result"
    }
   ],
   "source": [
    "sum_dfs = []\n",
    "for channel in channels:\n",
    "    dfs = []\n",
    "    for dataset in datasets:\n",
    "        dfs.append(read_and_compare(dataset, channel))\n",
    "    sum_dfs.append(pandas.concat(dfs))\n",
    "pandas.concat(sum_dfs, axis=1).T.drop_duplicates().T"
   ]
  },
  {
   "cell_type": "code",
   "execution_count": 15,
   "id": "8e991fa6",
   "metadata": {},
   "outputs": [],
   "source": [
    "def read_and_compare_channels(dataset):\n",
    "    result_dict = {}\n",
    "    dfs = {}\n",
    "    for channel in channels:\n",
    "        result_dict[channel] = {}\n",
    "        path = f\"../data/trees/{channel}/{dataset}\"\n",
    "        dfs[channel] = pandas.read_csv(f\"{path}/MultiScale Structural Similarity Index Measure.csv\", index_col=0)\n",
    "    for channel in channels:\n",
    "        control_df = dfs[channel]\n",
    "        for c, df in dfs.items():\n",
    "            result_dict[channel][c] = round(numpy.sqrt(numpy.sum((control_df.values - df.values)**2)), 4)\n",
    "    result_df = pandas.DataFrame.from_dict(result_dict, orient='index')\n",
    "    result_df.index.name = \"dataset\"\n",
    "    return result_df"
   ]
  },
  {
   "cell_type": "code",
   "execution_count": 16,
   "id": "b3bf5173",
   "metadata": {},
   "outputs": [
    {
     "data": {
      "text/html": [
       "<center><h3>orthologs_hemoglobin_beta</h3></center>"
      ],
      "text/plain": [
       "<IPython.core.display.HTML object>"
      ]
     },
     "metadata": {},
     "output_type": "display_data"
    },
    {
     "data": {
      "text/html": [
       "<div>\n",
       "<style scoped>\n",
       "    .dataframe tbody tr th:only-of-type {\n",
       "        vertical-align: middle;\n",
       "    }\n",
       "\n",
       "    .dataframe tbody tr th {\n",
       "        vertical-align: top;\n",
       "    }\n",
       "\n",
       "    .dataframe thead th {\n",
       "        text-align: right;\n",
       "    }\n",
       "</style>\n",
       "<table border=\"1\" class=\"dataframe\">\n",
       "  <thead>\n",
       "    <tr style=\"text-align: right;\">\n",
       "      <th></th>\n",
       "      <th>full</th>\n",
       "      <th>red</th>\n",
       "      <th>green</th>\n",
       "      <th>blue</th>\n",
       "      <th>red_green</th>\n",
       "      <th>red_blue</th>\n",
       "      <th>green_blue</th>\n",
       "    </tr>\n",
       "    <tr>\n",
       "      <th>dataset</th>\n",
       "      <th></th>\n",
       "      <th></th>\n",
       "      <th></th>\n",
       "      <th></th>\n",
       "      <th></th>\n",
       "      <th></th>\n",
       "      <th></th>\n",
       "    </tr>\n",
       "  </thead>\n",
       "  <tbody>\n",
       "    <tr>\n",
       "      <th>full</th>\n",
       "      <td>0.0000</td>\n",
       "      <td>0.6914</td>\n",
       "      <td>0.6469</td>\n",
       "      <td>0.6569</td>\n",
       "      <td>0.3408</td>\n",
       "      <td>0.3508</td>\n",
       "      <td>0.3064</td>\n",
       "    </tr>\n",
       "    <tr>\n",
       "      <th>red</th>\n",
       "      <td>0.6914</td>\n",
       "      <td>0.0000</td>\n",
       "      <td>0.0479</td>\n",
       "      <td>0.0384</td>\n",
       "      <td>0.3508</td>\n",
       "      <td>0.3408</td>\n",
       "      <td>0.3857</td>\n",
       "    </tr>\n",
       "    <tr>\n",
       "      <th>green</th>\n",
       "      <td>0.6469</td>\n",
       "      <td>0.0479</td>\n",
       "      <td>0.0000</td>\n",
       "      <td>0.0188</td>\n",
       "      <td>0.3064</td>\n",
       "      <td>0.2968</td>\n",
       "      <td>0.3408</td>\n",
       "    </tr>\n",
       "    <tr>\n",
       "      <th>blue</th>\n",
       "      <td>0.6569</td>\n",
       "      <td>0.0384</td>\n",
       "      <td>0.0188</td>\n",
       "      <td>0.0000</td>\n",
       "      <td>0.3168</td>\n",
       "      <td>0.3064</td>\n",
       "      <td>0.3508</td>\n",
       "    </tr>\n",
       "    <tr>\n",
       "      <th>red_green</th>\n",
       "      <td>0.3408</td>\n",
       "      <td>0.3508</td>\n",
       "      <td>0.3064</td>\n",
       "      <td>0.3168</td>\n",
       "      <td>0.0000</td>\n",
       "      <td>0.0188</td>\n",
       "      <td>0.0384</td>\n",
       "    </tr>\n",
       "    <tr>\n",
       "      <th>red_blue</th>\n",
       "      <td>0.3508</td>\n",
       "      <td>0.3408</td>\n",
       "      <td>0.2968</td>\n",
       "      <td>0.3064</td>\n",
       "      <td>0.0188</td>\n",
       "      <td>0.0000</td>\n",
       "      <td>0.0479</td>\n",
       "    </tr>\n",
       "    <tr>\n",
       "      <th>green_blue</th>\n",
       "      <td>0.3064</td>\n",
       "      <td>0.3857</td>\n",
       "      <td>0.3408</td>\n",
       "      <td>0.3508</td>\n",
       "      <td>0.0384</td>\n",
       "      <td>0.0479</td>\n",
       "      <td>0.0000</td>\n",
       "    </tr>\n",
       "  </tbody>\n",
       "</table>\n",
       "</div>"
      ],
      "text/plain": [
       "              full     red   green    blue  red_green  red_blue  green_blue\n",
       "dataset                                                                    \n",
       "full        0.0000  0.6914  0.6469  0.6569     0.3408    0.3508      0.3064\n",
       "red         0.6914  0.0000  0.0479  0.0384     0.3508    0.3408      0.3857\n",
       "green       0.6469  0.0479  0.0000  0.0188     0.3064    0.2968      0.3408\n",
       "blue        0.6569  0.0384  0.0188  0.0000     0.3168    0.3064      0.3508\n",
       "red_green   0.3408  0.3508  0.3064  0.3168     0.0000    0.0188      0.0384\n",
       "red_blue    0.3508  0.3408  0.2968  0.3064     0.0188    0.0000      0.0479\n",
       "green_blue  0.3064  0.3857  0.3408  0.3508     0.0384    0.0479      0.0000"
      ]
     },
     "metadata": {},
     "output_type": "display_data"
    },
    {
     "data": {
      "text/html": [
       "<center><h3>orthologs_myoglobin</h3></center>"
      ],
      "text/plain": [
       "<IPython.core.display.HTML object>"
      ]
     },
     "metadata": {},
     "output_type": "display_data"
    },
    {
     "data": {
      "text/html": [
       "<div>\n",
       "<style scoped>\n",
       "    .dataframe tbody tr th:only-of-type {\n",
       "        vertical-align: middle;\n",
       "    }\n",
       "\n",
       "    .dataframe tbody tr th {\n",
       "        vertical-align: top;\n",
       "    }\n",
       "\n",
       "    .dataframe thead th {\n",
       "        text-align: right;\n",
       "    }\n",
       "</style>\n",
       "<table border=\"1\" class=\"dataframe\">\n",
       "  <thead>\n",
       "    <tr style=\"text-align: right;\">\n",
       "      <th></th>\n",
       "      <th>full</th>\n",
       "      <th>red</th>\n",
       "      <th>green</th>\n",
       "      <th>blue</th>\n",
       "      <th>red_green</th>\n",
       "      <th>red_blue</th>\n",
       "      <th>green_blue</th>\n",
       "    </tr>\n",
       "    <tr>\n",
       "      <th>dataset</th>\n",
       "      <th></th>\n",
       "      <th></th>\n",
       "      <th></th>\n",
       "      <th></th>\n",
       "      <th></th>\n",
       "      <th></th>\n",
       "      <th></th>\n",
       "    </tr>\n",
       "  </thead>\n",
       "  <tbody>\n",
       "    <tr>\n",
       "      <th>full</th>\n",
       "      <td>0.0000</td>\n",
       "      <td>0.7273</td>\n",
       "      <td>0.7197</td>\n",
       "      <td>0.7035</td>\n",
       "      <td>0.3718</td>\n",
       "      <td>0.3558</td>\n",
       "      <td>0.3480</td>\n",
       "    </tr>\n",
       "    <tr>\n",
       "      <th>red</th>\n",
       "      <td>0.7273</td>\n",
       "      <td>0.0000</td>\n",
       "      <td>0.0237</td>\n",
       "      <td>0.0267</td>\n",
       "      <td>0.3558</td>\n",
       "      <td>0.3718</td>\n",
       "      <td>0.3798</td>\n",
       "    </tr>\n",
       "    <tr>\n",
       "      <th>green</th>\n",
       "      <td>0.7197</td>\n",
       "      <td>0.0237</td>\n",
       "      <td>0.0000</td>\n",
       "      <td>0.0285</td>\n",
       "      <td>0.3480</td>\n",
       "      <td>0.3653</td>\n",
       "      <td>0.3718</td>\n",
       "    </tr>\n",
       "    <tr>\n",
       "      <th>blue</th>\n",
       "      <td>0.7035</td>\n",
       "      <td>0.0267</td>\n",
       "      <td>0.0285</td>\n",
       "      <td>0.0000</td>\n",
       "      <td>0.3323</td>\n",
       "      <td>0.3480</td>\n",
       "      <td>0.3558</td>\n",
       "    </tr>\n",
       "    <tr>\n",
       "      <th>red_green</th>\n",
       "      <td>0.3718</td>\n",
       "      <td>0.3558</td>\n",
       "      <td>0.3480</td>\n",
       "      <td>0.3323</td>\n",
       "      <td>0.0000</td>\n",
       "      <td>0.0285</td>\n",
       "      <td>0.0267</td>\n",
       "    </tr>\n",
       "    <tr>\n",
       "      <th>red_blue</th>\n",
       "      <td>0.3558</td>\n",
       "      <td>0.3718</td>\n",
       "      <td>0.3653</td>\n",
       "      <td>0.3480</td>\n",
       "      <td>0.0285</td>\n",
       "      <td>0.0000</td>\n",
       "      <td>0.0237</td>\n",
       "    </tr>\n",
       "    <tr>\n",
       "      <th>green_blue</th>\n",
       "      <td>0.3480</td>\n",
       "      <td>0.3798</td>\n",
       "      <td>0.3718</td>\n",
       "      <td>0.3558</td>\n",
       "      <td>0.0267</td>\n",
       "      <td>0.0237</td>\n",
       "      <td>0.0000</td>\n",
       "    </tr>\n",
       "  </tbody>\n",
       "</table>\n",
       "</div>"
      ],
      "text/plain": [
       "              full     red   green    blue  red_green  red_blue  green_blue\n",
       "dataset                                                                    \n",
       "full        0.0000  0.7273  0.7197  0.7035     0.3718    0.3558      0.3480\n",
       "red         0.7273  0.0000  0.0237  0.0267     0.3558    0.3718      0.3798\n",
       "green       0.7197  0.0237  0.0000  0.0285     0.3480    0.3653      0.3718\n",
       "blue        0.7035  0.0267  0.0285  0.0000     0.3323    0.3480      0.3558\n",
       "red_green   0.3718  0.3558  0.3480  0.3323     0.0000    0.0285      0.0267\n",
       "red_blue    0.3558  0.3718  0.3653  0.3480     0.0285    0.0000      0.0237\n",
       "green_blue  0.3480  0.3798  0.3718  0.3558     0.0267    0.0237      0.0000"
      ]
     },
     "metadata": {},
     "output_type": "display_data"
    },
    {
     "data": {
      "text/html": [
       "<center><h3>orthologs_neuroglobin</h3></center>"
      ],
      "text/plain": [
       "<IPython.core.display.HTML object>"
      ]
     },
     "metadata": {},
     "output_type": "display_data"
    },
    {
     "data": {
      "text/html": [
       "<div>\n",
       "<style scoped>\n",
       "    .dataframe tbody tr th:only-of-type {\n",
       "        vertical-align: middle;\n",
       "    }\n",
       "\n",
       "    .dataframe tbody tr th {\n",
       "        vertical-align: top;\n",
       "    }\n",
       "\n",
       "    .dataframe thead th {\n",
       "        text-align: right;\n",
       "    }\n",
       "</style>\n",
       "<table border=\"1\" class=\"dataframe\">\n",
       "  <thead>\n",
       "    <tr style=\"text-align: right;\">\n",
       "      <th></th>\n",
       "      <th>full</th>\n",
       "      <th>red</th>\n",
       "      <th>green</th>\n",
       "      <th>blue</th>\n",
       "      <th>red_green</th>\n",
       "      <th>red_blue</th>\n",
       "      <th>green_blue</th>\n",
       "    </tr>\n",
       "    <tr>\n",
       "      <th>dataset</th>\n",
       "      <th></th>\n",
       "      <th></th>\n",
       "      <th></th>\n",
       "      <th></th>\n",
       "      <th></th>\n",
       "      <th></th>\n",
       "      <th></th>\n",
       "    </tr>\n",
       "  </thead>\n",
       "  <tbody>\n",
       "    <tr>\n",
       "      <th>full</th>\n",
       "      <td>0.0000</td>\n",
       "      <td>1.7868</td>\n",
       "      <td>1.7258</td>\n",
       "      <td>1.7690</td>\n",
       "      <td>0.8719</td>\n",
       "      <td>0.9150</td>\n",
       "      <td>0.8540</td>\n",
       "    </tr>\n",
       "    <tr>\n",
       "      <th>red</th>\n",
       "      <td>1.7868</td>\n",
       "      <td>0.0000</td>\n",
       "      <td>0.0620</td>\n",
       "      <td>0.0270</td>\n",
       "      <td>0.9150</td>\n",
       "      <td>0.8719</td>\n",
       "      <td>0.9330</td>\n",
       "    </tr>\n",
       "    <tr>\n",
       "      <th>green</th>\n",
       "      <td>1.7258</td>\n",
       "      <td>0.0620</td>\n",
       "      <td>0.0000</td>\n",
       "      <td>0.0476</td>\n",
       "      <td>0.8540</td>\n",
       "      <td>0.8109</td>\n",
       "      <td>0.8719</td>\n",
       "    </tr>\n",
       "    <tr>\n",
       "      <th>blue</th>\n",
       "      <td>1.7690</td>\n",
       "      <td>0.0270</td>\n",
       "      <td>0.0476</td>\n",
       "      <td>0.0000</td>\n",
       "      <td>0.8975</td>\n",
       "      <td>0.8540</td>\n",
       "      <td>0.9150</td>\n",
       "    </tr>\n",
       "    <tr>\n",
       "      <th>red_green</th>\n",
       "      <td>0.8719</td>\n",
       "      <td>0.9150</td>\n",
       "      <td>0.8540</td>\n",
       "      <td>0.8975</td>\n",
       "      <td>0.0000</td>\n",
       "      <td>0.0476</td>\n",
       "      <td>0.0270</td>\n",
       "    </tr>\n",
       "    <tr>\n",
       "      <th>red_blue</th>\n",
       "      <td>0.9150</td>\n",
       "      <td>0.8719</td>\n",
       "      <td>0.8109</td>\n",
       "      <td>0.8540</td>\n",
       "      <td>0.0476</td>\n",
       "      <td>0.0000</td>\n",
       "      <td>0.0620</td>\n",
       "    </tr>\n",
       "    <tr>\n",
       "      <th>green_blue</th>\n",
       "      <td>0.8540</td>\n",
       "      <td>0.9330</td>\n",
       "      <td>0.8719</td>\n",
       "      <td>0.9150</td>\n",
       "      <td>0.0270</td>\n",
       "      <td>0.0620</td>\n",
       "      <td>0.0000</td>\n",
       "    </tr>\n",
       "  </tbody>\n",
       "</table>\n",
       "</div>"
      ],
      "text/plain": [
       "              full     red   green    blue  red_green  red_blue  green_blue\n",
       "dataset                                                                    \n",
       "full        0.0000  1.7868  1.7258  1.7690     0.8719    0.9150      0.8540\n",
       "red         1.7868  0.0000  0.0620  0.0270     0.9150    0.8719      0.9330\n",
       "green       1.7258  0.0620  0.0000  0.0476     0.8540    0.8109      0.8719\n",
       "blue        1.7690  0.0270  0.0476  0.0000     0.8975    0.8540      0.9150\n",
       "red_green   0.8719  0.9150  0.8540  0.8975     0.0000    0.0476      0.0270\n",
       "red_blue    0.9150  0.8719  0.8109  0.8540     0.0476    0.0000      0.0620\n",
       "green_blue  0.8540  0.9330  0.8719  0.9150     0.0270    0.0620      0.0000"
      ]
     },
     "metadata": {},
     "output_type": "display_data"
    },
    {
     "data": {
      "text/html": [
       "<center><h3>orthologs_cytoglobin</h3></center>"
      ],
      "text/plain": [
       "<IPython.core.display.HTML object>"
      ]
     },
     "metadata": {},
     "output_type": "display_data"
    },
    {
     "data": {
      "text/html": [
       "<div>\n",
       "<style scoped>\n",
       "    .dataframe tbody tr th:only-of-type {\n",
       "        vertical-align: middle;\n",
       "    }\n",
       "\n",
       "    .dataframe tbody tr th {\n",
       "        vertical-align: top;\n",
       "    }\n",
       "\n",
       "    .dataframe thead th {\n",
       "        text-align: right;\n",
       "    }\n",
       "</style>\n",
       "<table border=\"1\" class=\"dataframe\">\n",
       "  <thead>\n",
       "    <tr style=\"text-align: right;\">\n",
       "      <th></th>\n",
       "      <th>full</th>\n",
       "      <th>red</th>\n",
       "      <th>green</th>\n",
       "      <th>blue</th>\n",
       "      <th>red_green</th>\n",
       "      <th>red_blue</th>\n",
       "      <th>green_blue</th>\n",
       "    </tr>\n",
       "    <tr>\n",
       "      <th>dataset</th>\n",
       "      <th></th>\n",
       "      <th></th>\n",
       "      <th></th>\n",
       "      <th></th>\n",
       "      <th></th>\n",
       "      <th></th>\n",
       "      <th></th>\n",
       "    </tr>\n",
       "  </thead>\n",
       "  <tbody>\n",
       "    <tr>\n",
       "      <th>full</th>\n",
       "      <td>0.0000</td>\n",
       "      <td>3.5723</td>\n",
       "      <td>3.5267</td>\n",
       "      <td>3.5294</td>\n",
       "      <td>1.7849</td>\n",
       "      <td>1.7875</td>\n",
       "      <td>1.7421</td>\n",
       "    </tr>\n",
       "    <tr>\n",
       "      <th>red</th>\n",
       "      <td>3.5723</td>\n",
       "      <td>0.0000</td>\n",
       "      <td>0.0605</td>\n",
       "      <td>0.0616</td>\n",
       "      <td>1.7875</td>\n",
       "      <td>1.7849</td>\n",
       "      <td>1.8311</td>\n",
       "    </tr>\n",
       "    <tr>\n",
       "      <th>green</th>\n",
       "      <td>3.5267</td>\n",
       "      <td>0.0605</td>\n",
       "      <td>0.0000</td>\n",
       "      <td>0.0217</td>\n",
       "      <td>1.7421</td>\n",
       "      <td>1.7395</td>\n",
       "      <td>1.7849</td>\n",
       "    </tr>\n",
       "    <tr>\n",
       "      <th>blue</th>\n",
       "      <td>3.5294</td>\n",
       "      <td>0.0616</td>\n",
       "      <td>0.0217</td>\n",
       "      <td>0.0000</td>\n",
       "      <td>1.7450</td>\n",
       "      <td>1.7421</td>\n",
       "      <td>1.7875</td>\n",
       "    </tr>\n",
       "    <tr>\n",
       "      <th>red_green</th>\n",
       "      <td>1.7849</td>\n",
       "      <td>1.7875</td>\n",
       "      <td>1.7421</td>\n",
       "      <td>1.7450</td>\n",
       "      <td>0.0000</td>\n",
       "      <td>0.0217</td>\n",
       "      <td>0.0616</td>\n",
       "    </tr>\n",
       "    <tr>\n",
       "      <th>red_blue</th>\n",
       "      <td>1.7875</td>\n",
       "      <td>1.7849</td>\n",
       "      <td>1.7395</td>\n",
       "      <td>1.7421</td>\n",
       "      <td>0.0217</td>\n",
       "      <td>0.0000</td>\n",
       "      <td>0.0605</td>\n",
       "    </tr>\n",
       "    <tr>\n",
       "      <th>green_blue</th>\n",
       "      <td>1.7421</td>\n",
       "      <td>1.8311</td>\n",
       "      <td>1.7849</td>\n",
       "      <td>1.7875</td>\n",
       "      <td>0.0616</td>\n",
       "      <td>0.0605</td>\n",
       "      <td>0.0000</td>\n",
       "    </tr>\n",
       "  </tbody>\n",
       "</table>\n",
       "</div>"
      ],
      "text/plain": [
       "              full     red   green    blue  red_green  red_blue  green_blue\n",
       "dataset                                                                    \n",
       "full        0.0000  3.5723  3.5267  3.5294     1.7849    1.7875      1.7421\n",
       "red         3.5723  0.0000  0.0605  0.0616     1.7875    1.7849      1.8311\n",
       "green       3.5267  0.0605  0.0000  0.0217     1.7421    1.7395      1.7849\n",
       "blue        3.5294  0.0616  0.0217  0.0000     1.7450    1.7421      1.7875\n",
       "red_green   1.7849  1.7875  1.7421  1.7450     0.0000    0.0217      0.0616\n",
       "red_blue    1.7875  1.7849  1.7395  1.7421     0.0217    0.0000      0.0605\n",
       "green_blue  1.7421  1.8311  1.7849  1.7875     0.0616    0.0605      0.0000"
      ]
     },
     "metadata": {},
     "output_type": "display_data"
    },
    {
     "data": {
      "text/html": [
       "<center><h3>orthologs_androglobin</h3></center>"
      ],
      "text/plain": [
       "<IPython.core.display.HTML object>"
      ]
     },
     "metadata": {},
     "output_type": "display_data"
    },
    {
     "data": {
      "text/html": [
       "<div>\n",
       "<style scoped>\n",
       "    .dataframe tbody tr th:only-of-type {\n",
       "        vertical-align: middle;\n",
       "    }\n",
       "\n",
       "    .dataframe tbody tr th {\n",
       "        vertical-align: top;\n",
       "    }\n",
       "\n",
       "    .dataframe thead th {\n",
       "        text-align: right;\n",
       "    }\n",
       "</style>\n",
       "<table border=\"1\" class=\"dataframe\">\n",
       "  <thead>\n",
       "    <tr style=\"text-align: right;\">\n",
       "      <th></th>\n",
       "      <th>full</th>\n",
       "      <th>red</th>\n",
       "      <th>green</th>\n",
       "      <th>blue</th>\n",
       "      <th>red_green</th>\n",
       "      <th>red_blue</th>\n",
       "      <th>green_blue</th>\n",
       "    </tr>\n",
       "    <tr>\n",
       "      <th>dataset</th>\n",
       "      <th></th>\n",
       "      <th></th>\n",
       "      <th></th>\n",
       "      <th></th>\n",
       "      <th></th>\n",
       "      <th></th>\n",
       "      <th></th>\n",
       "    </tr>\n",
       "  </thead>\n",
       "  <tbody>\n",
       "    <tr>\n",
       "      <th>full</th>\n",
       "      <td>0.0000</td>\n",
       "      <td>3.2925</td>\n",
       "      <td>3.3489</td>\n",
       "      <td>3.3153</td>\n",
       "      <td>1.6630</td>\n",
       "      <td>1.6295</td>\n",
       "      <td>1.6859</td>\n",
       "    </tr>\n",
       "    <tr>\n",
       "      <th>red</th>\n",
       "      <td>3.2925</td>\n",
       "      <td>0.0000</td>\n",
       "      <td>0.0593</td>\n",
       "      <td>0.0262</td>\n",
       "      <td>1.6295</td>\n",
       "      <td>1.6630</td>\n",
       "      <td>1.6067</td>\n",
       "    </tr>\n",
       "    <tr>\n",
       "      <th>green</th>\n",
       "      <td>3.3489</td>\n",
       "      <td>0.0593</td>\n",
       "      <td>0.0000</td>\n",
       "      <td>0.0359</td>\n",
       "      <td>1.6859</td>\n",
       "      <td>1.7195</td>\n",
       "      <td>1.6630</td>\n",
       "    </tr>\n",
       "    <tr>\n",
       "      <th>blue</th>\n",
       "      <td>3.3153</td>\n",
       "      <td>0.0262</td>\n",
       "      <td>0.0359</td>\n",
       "      <td>0.0000</td>\n",
       "      <td>1.6523</td>\n",
       "      <td>1.6859</td>\n",
       "      <td>1.6295</td>\n",
       "    </tr>\n",
       "    <tr>\n",
       "      <th>red_green</th>\n",
       "      <td>1.6630</td>\n",
       "      <td>1.6295</td>\n",
       "      <td>1.6859</td>\n",
       "      <td>1.6523</td>\n",
       "      <td>0.0000</td>\n",
       "      <td>0.0359</td>\n",
       "      <td>0.0262</td>\n",
       "    </tr>\n",
       "    <tr>\n",
       "      <th>red_blue</th>\n",
       "      <td>1.6295</td>\n",
       "      <td>1.6630</td>\n",
       "      <td>1.7195</td>\n",
       "      <td>1.6859</td>\n",
       "      <td>0.0359</td>\n",
       "      <td>0.0000</td>\n",
       "      <td>0.0593</td>\n",
       "    </tr>\n",
       "    <tr>\n",
       "      <th>green_blue</th>\n",
       "      <td>1.6859</td>\n",
       "      <td>1.6067</td>\n",
       "      <td>1.6630</td>\n",
       "      <td>1.6295</td>\n",
       "      <td>0.0262</td>\n",
       "      <td>0.0593</td>\n",
       "      <td>0.0000</td>\n",
       "    </tr>\n",
       "  </tbody>\n",
       "</table>\n",
       "</div>"
      ],
      "text/plain": [
       "              full     red   green    blue  red_green  red_blue  green_blue\n",
       "dataset                                                                    \n",
       "full        0.0000  3.2925  3.3489  3.3153     1.6630    1.6295      1.6859\n",
       "red         3.2925  0.0000  0.0593  0.0262     1.6295    1.6630      1.6067\n",
       "green       3.3489  0.0593  0.0000  0.0359     1.6859    1.7195      1.6630\n",
       "blue        3.3153  0.0262  0.0359  0.0000     1.6523    1.6859      1.6295\n",
       "red_green   1.6630  1.6295  1.6859  1.6523     0.0000    0.0359      0.0262\n",
       "red_blue    1.6295  1.6630  1.7195  1.6859     0.0359    0.0000      0.0593\n",
       "green_blue  1.6859  1.6067  1.6630  1.6295     0.0262    0.0593      0.0000"
      ]
     },
     "metadata": {},
     "output_type": "display_data"
    }
   ],
   "source": [
    "for dataset in datasets:\n",
    "    display(HTML(f\"<center><h3>{dataset}</h3></center>\"))\n",
    "    display(read_and_compare_channels(dataset))"
   ]
  },
  {
   "cell_type": "code",
   "execution_count": null,
   "id": "c28c46cf",
   "metadata": {},
   "outputs": [],
   "source": []
  }
 ],
 "metadata": {
  "kernelspec": {
   "display_name": "Python 3 (ipykernel)",
   "language": "python",
   "name": "python3"
  },
  "language_info": {
   "codemirror_mode": {
    "name": "ipython",
    "version": 3
   },
   "file_extension": ".py",
   "mimetype": "text/x-python",
   "name": "python",
   "nbconvert_exporter": "python",
   "pygments_lexer": "ipython3",
   "version": "3.7.8"
  }
 },
 "nbformat": 4,
 "nbformat_minor": 5
}
